time,temperature,humidity,pressure,light,moisture_1,moisture_2,moisture_3
2023-05-31 00:02:05,20.78,85.76,998.28,0.0,100.0,0,0
2023-05-31 00:07:05,20.71,85.98,998.3,0.0,100.0,0,0
2023-05-31 00:12:05,20.67,85.72,998.35,0.0,100.0,0,0
2023-05-31 00:17:05,20.72,86.52,998.47,0.0,100.0,0,0
2023-05-31 00:22:05,20.76,88.48,998.47,0.0,100.0,0,0
2023-05-31 00:27:05,20.81,88.11,998.43,0.0,100.0,0,0
2023-05-31 00:32:05,20.85,87.65,998.36,0.0,100.0,0,0
2023-05-31 00:37:05,20.89,86.76,998.34,0.0,100.0,0,0
2023-05-31 00:42:05,20.86,87.42,998.23,0.0,100.0,0,0
2023-05-31 00:47:05,20.8,86.61,998.11,0.0,100.0,0,0
2023-05-31 00:52:05,20.81,87.2,998.11,0.0,100.0,0,0
2023-05-31 00:57:05,20.71,86.19,998.14,0.0,100.0,0,0
2023-05-31 01:02:05,20.66,87.49,998.14,0.0,100.0,0,0
2023-05-31 01:07:05,20.67,87.33,998.17,0.0,100.0,0,0
2023-05-31 01:12:05,20.69,86.74,998.19,0.0,100.0,0,0
2023-05-31 01:17:05,20.69,86.55,998.2,0.0,100.0,0,0
2023-05-31 01:22:05,20.63,86.28,998.17,0.0,100.0,0,0
2023-05-31 01:27:05,20.58,87.39,998.15,0.0,100.0,0,0
2023-05-31 01:32:05,20.54,87.75,998.12,0.0,100.0,0,0
2023-05-31 01:37:05,20.48,89.01,998.16,0.0,100.0,0,0
2023-05-31 01:42:05,20.48,88.0,998.13,0.0,100.0,0,0
2023-05-31 01:47:05,20.44,87.9,998.16,0.0,100.0,0,0
2023-05-31 01:52:05,20.42,87.73,998.2,0.0,100.0,0,0
2023-05-31 01:57:05,20.41,88.63,998.2,0.0,100.0,0,0
2023-05-31 02:02:05,20.46,88.56,998.22,0.0,100.0,0,0
2023-05-31 02:07:05,20.45,87.63,998.15,0.0,100.0,0,0
2023-05-31 02:12:05,20.43,88.05,998.21,0.0,100.0,0,0
2023-05-31 02:17:05,20.38,88.54,998.16,0.0,100.0,0,0
2023-05-31 02:22:05,20.35,88.62,998.13,0.0,100.0,0,0
2023-05-31 02:27:05,20.33,87.27,998.06,0.0,100.0,0,0
2023-05-31 02:32:05,20.34,87.85,998.02,0.0,100.0,0,0
2023-05-31 02:37:05,20.35,88.1,998.0,0.0,100.0,0,0
2023-05-31 02:42:05,20.35,88.05,997.99,0.0,100.0,0,0
2023-05-31 02:47:05,20.31,88.33,997.92,0.0,100.0,0,0
2023-05-31 02:52:05,20.25,87.36,997.89,0.0,100.0,0,0
2023-05-31 02:57:05,20.26,88.85,997.89,0.0,100.0,0,0
2023-05-31 03:02:05,20.24,87.71,997.82,0.0,100.0,0,0
2023-05-31 03:07:05,20.24,88.57,997.84,0.0,100.0,0,0
2023-05-31 03:12:05,20.29,87.97,997.86,0.0,100.0,0,0
2023-05-31 03:17:05,20.31,87.65,997.84,0.0,100.0,0,0
2023-05-31 03:22:05,20.22,87.59,997.88,0.89,100.0,0,0
2023-05-31 03:27:05,20.12,88.1,997.84,1.16,100.0,0,0
2023-05-31 03:32:05,20.16,88.05,997.86,3.49,100.0,0,0
2023-05-31 03:37:05,20.18,88.79,997.93,2.88,100.0,0,0
2023-05-31 03:42:05,20.23,88.47,997.96,6.04,100.0,0,0
2023-05-31 03:47:05,20.19,88.23,997.92,14.15,100.0,0,0
2023-05-31 03:52:05,20.21,88.17,998.02,22.17,100.0,0,0
2023-05-31 03:57:05,20.18,88.42,998.01,35.87,100.0,0,0
2023-05-31 04:02:05,20.22,88.6,998.04,39.87,100.0,0,0
2023-05-31 04:07:05,20.33,88.86,998.15,73.14,100.0,0,0
2023-05-31 04:12:05,20.4,88.33,998.16,67.74,100.0,0,0
2023-05-31 04:17:05,20.56,87.14,998.21,110.21,100.0,0,0
2023-05-31 04:22:05,20.62,86.66,998.21,150.51,100.0,0,0
2023-05-31 04:27:05,20.66,86.25,998.24,194.29,100.0,0,0
2023-05-31 04:32:05,20.71,86.2,998.31,202.64,100.0,0,0
2023-05-31 04:37:05,20.88,86.1,998.36,246.04,100.0,0,0
2023-05-31 04:42:05,20.87,85.75,998.43,237.83,100.0,0,0
2023-05-31 04:47:05,20.97,85.29,998.49,251.32,100.0,0,0
2023-05-31 04:52:05,21.02,86.17,998.55,276.84,100.0,0,0
2023-05-31 04:57:05,21.19,84.68,998.61,385.96,100.0,0,0
2023-05-31 05:02:05,21.43,85.32,998.58,431.41,100.0,0,0
2023-05-31 05:07:05,21.67,82.58,998.59,443.96,100.0,0,0
2023-05-31 05:12:05,21.56,82.46,998.62,537.91,100.0,0,0
2023-05-31 05:17:05,21.96,82.17,998.6,479.57,100.0,0,0
2023-05-31 05:22:05,22.23,81.24,998.65,597.8,100.0,0,0
2023-05-31 05:27:05,22.22,81.96,998.69,566.26,100.0,0,0
2023-05-31 05:32:05,23.81,73.2,998.81,763.8,100.0,0,0
2023-05-31 05:37:05,24.22,72.07,998.81,711.71,100.0,0,0
2023-05-31 05:42:05,23.38,77.24,998.88,531.59,100.0,0,0
2023-05-31 05:47:05,23.01,76.93,998.92,565.35,100.0,0,0
2023-05-31 05:52:05,23.04,77.79,998.91,721.38,100.0,0,0
2023-05-31 05:57:05,23.09,76.16,998.95,567.99,100.0,0,0
2023-05-31 06:02:05,22.84,79.62,998.95,514.36,100.0,0,0
2023-05-31 06:07:05,22.99,79.22,998.96,835.52,100.0,0,0
2023-05-31 06:12:05,27.16,63.1,999.03,1746.02,100.0,0,0
2023-05-31 06:17:05,27.59,57.6,999.14,1978.61,100.0,0,0
2023-05-31 06:22:05,28.32,57.45,999.2,2237.7,100.0,0,0
2023-05-31 06:27:05,27.42,60.17,999.22,1870.05,100.0,0,0
2023-05-31 06:32:05,27.78,59.11,999.24,1332.93,100.0,0,0
2023-05-31 06:37:05,27.48,59.72,999.27,1530.61,100.0,0,0
2023-05-31 06:42:05,27.95,56.72,999.27,2537.28,100.0,0,0
2023-05-31 06:47:05,27.72,57.42,999.36,1490.32,100.0,0,0
2023-05-31 06:52:05,26.6,61.54,999.37,1511.19,100.0,0,0
2023-05-31 06:57:05,26.72,62.19,999.38,1727.3,100.0,0,0
2023-05-31 07:02:05,27.12,59.91,999.4,1467.87,100.0,0,0
2023-05-31 07:07:05,27.56,59.36,999.37,1464.01,100.0,0,0
2023-05-31 07:12:05,28.55,56.4,999.4,2724.75,100.0,0,0
2023-05-31 07:17:05,29.08,54.95,999.49,2184.88,100.0,0,0
2023-05-31 07:22:05,28.01,54.67,999.45,1637.91,100.0,0,0
2023-05-31 07:27:05,26.8,61.13,999.48,1159.75,100.0,0,0
2023-05-31 07:32:05,26.18,63.35,999.45,1328.92,100.0,0,0
2023-05-31 07:37:05,27.69,56.43,999.5,1888.11,100.0,0,0
2023-05-31 07:42:05,32.01,45.13,999.65,4192.19,100.0,0,0
2023-05-31 07:47:05,35.63,36.76,999.77,4455.11,100.0,0,0
2023-05-31 07:52:05,34.42,39.76,999.77,5348.08,100.0,0,0
2023-05-31 07:57:05,35.9,37.53,999.71,6023.99,100.0,0,0
2023-05-31 08:02:05,34.84,39.31,999.7,2445.14,100.0,0,0
2023-05-31 08:07:05,37.01,34.81,999.72,7044.96,100.0,0,0
2023-05-31 08:12:05,38.18,31.12,999.84,8936.04,100.0,0,0
2023-05-31 08:17:05,40.51,27.74,999.89,12119.98,100.0,0,0
2023-05-31 08:22:05,39.49,29.11,999.95,12532.42,100.0,0,0
2023-05-31 08:27:05,34.28,38.01,999.82,2808.38,100.0,0,0
2023-05-31 08:32:05,32.17,44.15,999.75,1546.72,100.0,0,0
2023-05-31 08:37:05,32.73,43.64,999.77,5678.31,100.0,0,0
2023-05-31 08:42:05,33.13,41.56,999.86,3182.92,100.0,0,0
2023-05-31 08:47:05,35.64,37.24,1000.02,4423.13,100.0,0,0
2023-05-31 08:52:05,34.24,38.54,1000.05,2121.68,100.0,0,0
2023-05-31 08:57:05,33.87,41.99,1000.11,2560.94,100.0,0,0
2023-05-31 09:02:05,35.48,36.33,1000.11,2743.22,100.0,0,0
2023-05-31 09:07:05,34.39,42.5,1000.14,2614.48,100.0,0,0
2023-05-31 09:12:05,33.57,43.42,1000.0,5392.42,100.0,0,0
2023-05-31 09:17:05,34.49,42.27,1000.0,5429.38,100.0,0,0
2023-05-31 09:22:05,34.07,39.76,1000.02,4256.35,100.0,0,0
2023-05-31 09:27:05,34.28,42.42,1000.03,3181.47,100.0,0,0
2023-05-31 09:32:05,32.79,44.86,1000.05,1703.98,100.0,0,0
2023-05-31 09:37:05,31.93,47.98,999.97,5062.07,100.0,0,0
2023-05-31 09:42:05,32.58,43.07,999.9,2839.67,100.0,0,0
2023-05-31 09:47:05,32.5,44.21,999.94,4352.79,100.0,0,0
2023-05-31 09:52:05,31.76,45.32,999.88,2100.44,100.0,0,0
2023-05-31 09:57:05,31.81,47.54,999.87,1367.34,100.0,0,0
2023-05-31 10:02:05,31.53,46.01,999.78,4385.59,100.0,0,0
2023-05-31 10:07:05,31.15,45.58,999.77,4285.42,100.0,0,0
2023-05-31 10:12:05,30.81,46.16,999.67,4643.42,100.0,0,0
2023-05-31 10:17:05,30.73,50.07,999.6,4815.1,100.0,0,0
2023-05-31 10:22:05,31.09,47.75,999.59,5249.43,100.0,0,0
2023-05-31 10:27:05,30.87,47.87,999.52,4430.44,100.0,0,0
2023-05-31 10:32:05,30.25,50.64,999.55,2801.89,100.0,0,0
2023-05-31 10:37:05,29.6,52.34,999.47,6887.79,100.0,0,0
2023-05-31 10:42:05,29.74,53.44,999.43,5427.73,100.0,0,0
2023-05-31 10:47:05,29.44,55.03,999.42,2783.15,100.0,0,0
2023-05-31 10:52:05,30.49,54.17,999.47,8220.65,100.0,0,0
2023-05-31 10:57:05,30.62,48.03,999.42,2595.83,100.0,0,0
2023-05-31 11:02:05,31.43,47.12,999.43,9772.23,100.0,0,0
2023-05-31 11:07:05,31.14,48.19,999.45,11221.88,100.0,0,0
2023-05-31 11:12:05,30.85,48.64,999.32,10975.48,100.0,0,0
2023-05-31 11:17:05,30.9,46.68,999.3,40291.26,100.0,0,0
2023-05-31 11:22:05,30.45,49.73,999.27,8446.36,100.0,0,0
2023-05-31 11:27:05,29.89,49.06,999.2,2308.63,100.0,0,0
2023-05-31 11:32:05,29.51,52.07,999.06,2499.22,100.0,0,0
2023-05-31 11:37:05,29.82,55.23,999.21,3814.09,100.0,0,0
2023-05-31 11:42:05,29.48,51.69,999.1,4319.86,100.0,0,0
2023-05-31 11:47:05,29.35,53.57,998.99,3227.62,100.0,0,0
2023-05-31 11:52:05,29.21,57.49,999.02,2962.99,100.0,0,0
2023-05-31 11:57:05,29.04,55.13,999.03,2281.42,100.0,0,0
2023-05-31 12:02:05,28.93,58.91,998.95,2368.64,100.0,0,0
2023-05-31 12:07:05,28.58,59.32,998.89,2116.57,100.0,0,0
2023-05-31 12:12:05,28.35,57.9,998.92,1961.12,100.0,0,0
2023-05-31 12:17:05,27.98,59.01,998.88,1843.42,100.0,0,0
2023-05-31 12:22:05,27.91,57.01,998.78,1693.8,100.0,0,0
2023-05-31 12:27:05,28.0,59.06,998.81,1590.06,100.0,0,0
2023-05-31 12:32:05,27.88,56.88,998.76,1493.18,100.0,0,0
2023-05-31 12:37:05,27.55,55.95,998.7,1461.78,100.0,0,0
2023-05-31 12:42:05,27.83,57.99,998.81,1506.96,100.0,0,0
2023-05-31 12:47:05,27.89,61.35,998.77,1472.12,100.0,0,0
2023-05-31 12:52:05,27.77,57.13,998.77,1464.17,100.0,0,0
2023-05-31 12:57:05,27.57,57.37,998.83,1472.34,100.0,0,0
2023-05-31 13:02:05,27.49,58.18,998.82,1969.84,100.0,0,0
2023-05-31 13:07:05,27.1,56.3,998.76,1675.93,100.0,0,0
2023-05-31 13:12:05,26.93,60.48,998.7,1343.56,100.0,0,0
2023-05-31 13:17:05,26.88,59.66,998.71,1449.47,100.0,0,0
2023-05-31 13:22:05,26.76,59.93,998.55,1358.26,100.0,0,0
2023-05-31 13:27:05,26.41,60.57,998.56,1245.52,100.0,0,0
2023-05-31 13:32:05,26.44,59.5,998.63,1227.37,100.0,0,0
2023-05-31 13:37:05,26.38,60.16,998.6,1201.98,100.0,0,0
2023-05-31 13:42:05,26.51,61.08,998.57,1195.67,100.0,0,0
2023-05-31 13:47:05,26.57,62.77,998.57,1180.49,100.0,0,0
2023-05-31 13:52:05,26.44,63.41,998.48,1317.87,100.0,0,0
2023-05-31 13:57:05,26.37,61.64,998.5,1159.04,100.0,0,0
2023-05-31 14:02:05,26.28,63.06,998.54,1292.6,100.0,0,0
2023-05-31 14:07:05,26.4,64.74,998.52,1306.11,100.0,0,0
2023-05-31 14:12:05,26.37,63.5,998.43,1411.69,100.0,0,0
2023-05-31 14:17:05,26.51,64.02,998.43,1168.37,100.0,0,0
2023-05-31 14:22:05,26.5,67.54,998.39,1099.51,100.0,0,0
2023-05-31 14:27:05,26.36,67.1,998.39,1286.19,100.0,0,0
2023-05-31 14:32:05,26.54,63.57,998.28,1310.44,100.0,0,0
2023-05-31 14:37:05,26.58,64.9,998.33,1162.63,100.0,0,0
2023-05-31 14:42:05,26.58,63.89,998.4,1103.63,100.0,0,0
2023-05-31 14:47:05,26.64,62.8,998.36,1122.75,100.0,0,0
2023-05-31 14:52:05,26.75,63.19,998.33,919.38,100.0,0,0
2023-05-31 14:57:05,26.27,64.14,998.37,811.33,100.0,0,0
2023-05-31 15:02:05,25.89,65.59,998.38,908.82,100.0,0,0
2023-05-31 15:07:05,25.62,65.47,998.31,878.46,100.0,0,0
2023-05-31 15:12:05,25.75,64.62,998.31,873.39,100.0,0,0
2023-05-31 15:17:05,25.39,66.52,998.34,794.47,100.0,0,0
2023-05-31 15:22:05,25.27,65.59,998.35,886.36,100.0,0,0
2023-05-31 15:27:05,25.47,65.37,998.32,760.71,100.0,0,0
2023-05-31 15:32:05,25.42,66.99,998.31,671.85,100.0,0,0
2023-05-31 15:37:05,25.21,66.04,998.31,938.53,100.0,0,0
2023-05-31 15:42:05,25.45,68.38,998.29,930.87,100.0,0,0
2023-05-31 15:47:05,25.4,65.65,998.28,997.62,100.0,0,0
2023-05-31 15:52:05,25.21,68.58,998.35,762.53,100.0,0,0
2023-05-31 15:57:05,25.0,68.78,998.28,845.27,100.0,0,0
2023-05-31 16:02:05,25.16,69.39,998.28,850.08,100.0,0,0
2023-05-31 16:07:05,25.07,68.34,998.25,715.99,100.0,0,0
2023-05-31 16:12:05,25.14,70.34,998.27,725.32,100.0,0,0
2023-05-31 16:17:05,24.91,67.79,998.22,658.87,100.0,0,0
2023-05-31 16:22:05,24.81,68.8,998.3,567.78,100.0,0,0
2023-05-31 16:27:05,24.77,67.83,998.3,611.83,100.0,0,0
2023-05-31 16:32:05,24.81,70.15,998.3,604.66,100.0,0,0
2023-05-31 16:37:05,24.68,68.84,998.29,517.66,100.0,0,0
2023-05-31 16:42:05,24.89,68.64,998.31,533.59,100.0,0,0
2023-05-31 16:47:05,24.66,69.01,998.35,464.6,100.0,0,0
2023-05-31 16:52:05,24.3,69.82,998.39,474.47,100.0,0,0
2023-05-31 16:57:05,24.46,67.87,998.41,414.95,100.0,0,0
2023-05-31 17:02:05,24.42,69.04,998.46,376.53,100.0,0,0
2023-05-31 17:07:05,24.24,70.59,998.51,279.58,100.0,0,0
2023-05-31 17:12:05,24.05,71.08,998.52,526.05,5.93,0,0
2023-05-31 17:17:05,23.65,72.41,998.53,400.86,2.45,0,0
2023-05-31 17:22:05,23.52,73.35,998.59,353.72,0.95,0,0
2023-05-31 17:27:05,23.58,73.03,998.68,321.3,0.0,0,0
2023-05-31 17:32:05,23.58,72.18,998.65,261.35,0.0,0,0
2023-05-31 17:37:05,23.48,74.82,998.68,215.66,0.0,0,0
2023-05-31 17:42:05,23.19,74.91,998.62,195.08,0.0,0,0
2023-05-31 17:47:05,22.97,75.76,998.67,161.52,0.0,0,0
2023-05-31 17:52:05,22.9,75.72,998.67,129.22,0.0,0,0
2023-05-31 17:57:05,22.76,77.18,998.69,96.14,0.0,0,0
2023-05-31 18:02:05,22.7,77.3,998.67,68.86,0.0,0,0
2023-05-31 18:07:05,22.61,78.1,998.72,48.0,0.0,0,0
2023-05-31 18:12:05,22.4,77.73,998.75,36.44,0.0,0,0
2023-05-31 18:17:05,22.28,79.25,998.77,20.73,0.0,0,0
2023-05-31 18:22:05,22.09,80.44,998.8,12.78,0.0,0,0
2023-05-31 18:27:05,21.97,80.39,998.8,4.65,0.0,0,0
2023-05-31 18:32:05,21.92,81.58,998.81,2.32,0.0,0,0
2023-05-31 18:37:05,21.79,81.79,998.85,1.16,0.0,0,0
2023-05-31 18:42:05,21.74,80.4,998.79,0.89,0.0,0,0
2023-05-31 18:47:05,21.68,82.35,998.75,0.89,0.0,0,0
2023-05-31 18:52:05,21.72,81.03,998.83,0.0,0.0,0,0
2023-05-31 18:57:05,21.58,81.44,998.88,0.0,0.0,0,0
2023-05-31 19:02:05,21.5,81.88,998.88,0.0,0.0,0,0
2023-05-31 19:07:05,21.57,82.27,998.91,0.0,0.0,0,0
2023-05-31 19:12:05,21.57,83.09,998.95,0.0,0.0,0,0
2023-05-31 19:17:05,21.55,83.08,999.0,0.0,0.0,0,0
2023-05-31 19:22:05,21.52,83.47,999.11,0.0,0.0,0,0
2023-05-31 19:27:05,21.41,83.62,999.16,0.0,0.0,0,0
2023-05-31 19:32:05,21.32,83.93,999.19,0.0,0.0,0,0
2023-05-31 19:37:05,21.28,83.21,999.2,0.0,0.0,0,0
2023-05-31 19:42:05,21.19,83.88,999.25,0.0,0.0,0,0
2023-05-31 19:47:05,21.12,84.2,999.28,0.0,0.0,0,0
2023-05-31 19:52:05,21.08,84.53,999.24,0.0,0.0,0,0
2023-05-31 19:57:05,21.07,85.41,999.27,0.0,0.0,0,0
2023-05-31 20:02:05,20.99,85.09,999.2,0.0,0.0,0,0
2023-05-31 20:07:05,20.92,85.36,999.24,0.0,0.0,0,0
2023-05-31 20:12:05,20.99,86.02,999.29,0.0,0.0,0,0
2023-05-31 20:17:05,20.94,86.0,999.33,0.0,0.0,0,0
2023-05-31 20:22:05,20.91,85.26,999.36,0.0,0.0,0,0
2023-05-31 20:27:05,20.87,86.45,999.43,0.0,0.0,0,0
2023-05-31 20:32:05,20.79,85.64,999.46,0.0,0.0,0,0
2023-05-31 20:37:05,20.72,86.47,999.46,0.0,0.0,0,0
2023-05-31 20:42:05,20.71,86.78,999.44,0.0,0.0,0,0
2023-05-31 20:47:05,20.74,87.96,999.4,0.0,0.0,0,0
2023-05-31 20:52:05,20.72,86.97,999.41,0.0,0.0,0,0
2023-05-31 20:57:05,20.77,86.73,999.38,0.0,0.0,0,0
2023-05-31 21:02:05,20.71,87.52,999.35,0.0,0.0,0,0
2023-05-31 21:07:05,20.81,86.99,999.34,0.0,0.0,0,0
2023-05-31 21:12:05,20.8,87.3,999.29,0.0,0.0,0,0
2023-05-31 21:17:05,20.73,87.13,999.29,0.0,0.0,0,0
2023-05-31 21:22:05,20.78,87.26,999.25,0.0,0.0,0,0
2023-05-31 21:27:05,20.7,86.79,999.32,0.0,0.0,0,0
2023-05-31 21:32:05,20.66,87.21,999.25,0.0,0.0,0,0
2023-05-31 21:37:05,20.56,87.37,999.19,0.0,0.0,0,0
2023-05-31 21:42:05,20.51,87.28,999.21,0.0,0.0,0,0
2023-05-31 21:47:05,20.49,87.78,999.3,0.0,0.0,0,0
2023-05-31 21:52:05,20.46,88.12,999.34,0.0,0.0,0,0
2023-05-31 21:57:05,20.44,88.54,999.34,0.0,0.0,0,0
2023-05-31 22:02:05,20.43,88.25,999.32,0.0,0.0,0,0
2023-05-31 22:07:05,20.43,89.13,999.32,0.0,0.0,0,0
2023-05-31 22:12:05,20.37,89.14,999.34,0.0,0.0,0,0
2023-05-31 22:17:05,20.37,88.78,999.41,0.0,0.0,0,0
2023-05-31 22:22:05,20.34,89.25,999.42,0.0,0.0,0,0
2023-05-31 22:27:05,20.35,89.68,999.44,0.0,0.0,0,0
2023-05-31 22:32:05,20.49,89.65,999.53,0.0,0.0,0,0
2023-05-31 22:37:05,20.53,89.19,999.48,0.0,0.0,0,0
2023-05-31 22:42:05,20.49,89.85,999.46,0.0,0.0,0,0
2023-05-31 22:47:05,20.45,89.57,999.47,0.0,0.0,0,0
2023-05-31 22:52:05,20.42,90.02,999.42,0.0,0.0,0,0
2023-05-31 22:57:05,20.41,89.89,999.43,0.0,0.0,0,0
2023-05-31 23:02:05,20.38,89.54,999.4,0.0,0.0,0,0
2023-05-31 23:07:05,20.5,89.27,999.39,0.0,0.0,0,0
2023-05-31 23:12:05,20.5,89.47,999.46,0.0,0.0,0,0
2023-05-31 23:17:05,20.45,90.12,999.42,0.0,0.0,0,0
2023-05-31 23:22:05,20.46,89.66,999.43,0.0,0.0,0,0
2023-05-31 23:27:05,20.51,89.34,999.43,0.0,0.0,0,0
2023-05-31 23:32:05,20.46,89.66,999.4,0.0,0.0,0,0
2023-05-31 23:37:05,20.5,89.72,999.4,0.0,0.0,0,0
2023-05-31 23:42:05,20.41,89.16,999.38,0.0,0.0,0,0
2023-05-31 23:47:05,20.32,89.97,999.32,0.0,0.0,0,0
2023-05-31 23:52:05,20.26,89.99,999.25,0.0,0.0,0,0
2023-05-31 23:57:05,20.23,90.44,999.15,0.0,0.0,0,0
