time,temperature,humidity,pressure,light,moisture_1,moisture_2,moisture_3
2023-05-27 00:00:05,26.7,75.09,1000.54,1105.86,79.8,79.87,79.8
2023-05-27 00:06:05,26.68,75.16,1000.39,1103.32,79.86,79.86,79.93
2023-05-27 00:12:05,26.69,75.23,1000.47,1106.53,80.33,80.33,80.33
2023-05-27 00:18:05,26.67,75.37,1000.46,1102.43,80.07,80.14,80.07
2023-05-27 00:24:05,26.66,75.37,1000.53,1097.22,80.27,80.27,80.27
2023-05-27 00:30:05,26.64,75.37,1000.49,1058.98,80.26,80.26,80.26
2023-05-27 00:36:05,26.61,75.5,1000.39,1005.23,80.27,80.27,80.34
2023-05-27 00:42:05,26.62,75.54,1000.28,974.86,80.26,80.26,80.26
2023-05-27 00:48:05,26.61,75.74,1000.14,966.1,80.34,80.27,80.34
2023-05-27 00:54:05,26.59,75.73,1000.13,966.99,80.33,80.33,80.33
2023-05-27 01:00:05,26.58,75.71,1000.11,964.66,80.34,80.41,80.34
2023-05-27 01:06:05,26.59,75.77,1000.07,964.66,80.66,80.68,80.68
2023-05-27 01:12:05,26.52,76.01,1000.13,963.77,80.61,80.61,80.61
2023-05-27 01:18:05,26.56,75.97,1000.11,963.77,80.34,80.41,80.34
2023-05-27 01:24:05,26.54,75.9,1000.13,964.33,80.46,80.46,80.46
2023-05-27 01:30:05,26.53,75.94,1000.09,966.99,80.47,80.47,80.47
2023-05-27 01:36:05,26.53,76.11,1000.05,966.1,80.47,80.47,80.41
2023-05-27 01:42:05,26.54,76.13,1000.11,965.21,80.54,80.54,80.54
2023-05-27 01:48:05,26.42,76.5,1000.22,966.1,80.47,80.54,80.54
2023-05-27 01:54:05,26.49,76.32,1000.2,965.21,80.59,80.59,80.59
2023-05-27 02:00:05,26.51,76.36,1000.21,965.21,80.61,80.68,80.68
2023-05-27 02:06:05,26.51,76.37,1000.2,966.1,80.61,80.61,80.68
2023-05-27 02:12:05,26.51,76.27,1000.15,965.21,80.61,80.61,80.61
2023-05-27 02:18:05,26.51,76.38,1000.19,967.54,80.95,80.95,80.92
2023-05-27 02:24:05,26.49,76.35,1000.21,967.54,80.81,80.81,80.81
2023-05-27 02:30:05,26.49,76.32,1000.2,972.2,80.74,80.74,80.74
2023-05-27 02:36:05,26.45,76.23,1000.16,969.87,80.53,80.46,80.53
2023-05-27 02:42:05,26.43,76.34,1000.14,971.53,80.33,80.39,80.33
2023-05-27 02:48:05,26.42,76.22,1000.12,975.08,80.34,80.27,80.34
2023-05-27 02:54:05,26.41,76.25,1000.11,976.85,80.47,80.41,80.41
2023-05-27 03:00:05,26.39,76.23,1000.09,971.53,80.54,80.54,80.54
2023-05-27 03:06:05,26.4,76.21,1000.09,972.2,80.59,80.59,80.59
2023-05-27 03:12:05,26.43,76.21,1000.16,969.87,80.68,80.68,80.74
2023-05-27 03:18:05,26.47,76.19,1000.28,968.98,80.66,80.68,80.66
2023-05-27 03:24:05,26.48,76.27,1000.29,968.09,80.74,80.74,80.74
2023-05-27 03:30:05,26.45,76.38,1000.28,972.2,80.79,80.79,80.72
2023-05-27 03:36:05,26.48,76.34,1000.3,968.98,81.01,81.08,81.08
2023-05-27 03:42:05,26.5,76.37,1000.2,971.53,81.28,81.28,81.22
2023-05-27 03:48:05,26.42,76.71,1000.3,978.29,81.35,81.35,81.35
2023-05-27 03:54:05,26.5,76.62,1000.31,988.82,81.42,81.35,81.35
2023-05-27 09:04:23,40.49,22.11,1000.45,3454.0,100.0,92.57,100.0
2023-05-27 09:09:05,34.71,30.45,1000.38,4757.31,100.0,92.06,100.0
2023-05-27 09:14:05,33.21,30.3,1000.43,4751.11,100.0,91.4,100.0
2023-05-27 09:19:05,32.37,32.71,1000.37,4769.41,100.0,91.14,100.0
2023-05-27 09:24:05,32.14,35.85,1000.37,4798.47,99.61,90.79,100.0
2023-05-27 09:29:05,31.89,32.77,1000.35,4832.17,100.0,91.36,100.0
2023-05-27 09:34:05,31.69,32.92,1000.36,4942.36,99.47,91.86,100.0
2023-05-27 09:39:05,31.6,34.67,1000.31,5038.75,99.38,92.0,100.0
2023-05-27 09:44:05,31.5,35.04,1000.26,5318.68,99.14,92.21,100.0
2023-05-27 09:49:05,31.72,33.51,1000.25,4759.46,99.24,92.57,100.0
2023-05-27 09:54:05,31.41,34.03,1000.19,4695.61,99.02,92.57,100.0
2023-05-27 09:59:05,31.21,35.75,1000.2,4649.19,97.35,93.68,100.0
2023-05-27 10:04:05,31.06,33.39,1000.22,4643.31,97.73,93.38,100.0
2023-05-27 10:09:05,30.95,35.7,1000.21,4594.19,98.52,93.09,100.0
2023-05-27 10:14:05,31.27,32.56,1000.13,4571.16,98.11,93.31,100.0
2023-05-27 10:19:05,31.12,38.1,1000.11,4460.02,97.73,93.56,100.0
2023-05-27 10:24:05,30.92,33.62,1000.05,4264.19,97.5,93.75,100.0
2023-05-27 10:29:05,31.12,40.99,1000.01,4766.23,97.65,94.7,100.0
2023-05-27 10:34:05,31.1,31.69,999.96,4817.43,97.8,96.03,100.0
2023-05-27 10:39:05,31.52,36.76,999.98,5027.83,97.95,97.12,100.0
2023-05-27 10:44:05,31.39,35.03,1000.0,5101.32,98.41,98.48,100.0
2023-05-27 10:49:05,31.27,36.83,1000.03,5229.62,98.48,98.48,100.0
2023-05-27 10:54:05,30.48,39.03,999.98,5281.2,100.0,100.0,100.0
2023-05-27 10:59:05,30.47,37.76,1000.0,5474.01,100.0,100.0,100.0
2023-05-27 11:04:05,30.09,38.44,1000.02,6161.01,99.14,99.17,100.0
2023-05-27 11:09:05,30.38,40.4,1000.04,39681.54,99.3,99.24,100.0
2023-05-27 11:14:05,30.48,39.54,1000.02,7489.44,99.14,99.14,100.0
2023-05-27 11:19:05,30.74,37.15,999.98,10110.34,99.24,99.22,100.0
2023-05-27 11:24:05,30.53,40.2,999.98,11306.42,99.77,99.77,100.0
2023-05-27 11:29:05,30.7,36.64,999.94,11892.9,100.0,100.0,100.0
2023-05-27 11:34:05,31.38,40.65,999.97,11486.36,100.0,100.0,100.0
2023-05-27 11:39:05,32.68,34.09,999.98,42853.9,100.0,100.0,100.0
2023-05-27 11:44:05,34.72,27.45,1000.04,38041.85,100.0,100.0,100.0
2023-05-27 11:49:05,35.77,28.66,999.95,38041.85,100.0,100.0,100.0
2023-05-27 11:54:05,34.1,31.24,999.89,38924.89,100.0,100.0,100.0
2023-05-27 11:59:05,31.09,36.91,999.83,6423.43,100.0,100.0,100.0
2023-05-27 12:04:05,29.23,39.03,999.79,5559.03,100.0,100.0,100.0
2023-05-27 12:09:05,29.1,39.23,999.83,5436.05,99.7,99.7,100.0
2023-05-27 12:14:05,29.08,40.83,999.87,5467.33,99.38,99.38,100.0
2023-05-27 12:19:05,28.78,44.83,999.81,5478.72,99.45,99.45,100.0
2023-05-27 12:24:05,28.66,43.57,999.74,5435.64,99.39,99.39,100.0
2023-05-27 12:29:05,28.2,43.74,999.66,5367.6,99.32,99.24,100.0
2023-05-27 12:34:05,28.0,41.18,999.66,5321.31,99.38,99.38,100.0
2023-05-27 12:39:05,27.37,42.86,999.57,5295.64,99.38,99.3,100.0
2023-05-27 12:44:05,27.22,40.92,999.52,5244.11,99.3,99.3,100.0
2023-05-27 12:49:05,27.46,45.41,999.49,5141.98,99.45,99.38,100.0
2023-05-27 12:54:05,27.37,42.24,999.43,5099.95,99.45,99.53,100.0
2023-05-27 12:59:05,27.12,38.73,999.4,4992.41,99.47,99.47,100.0
2023-05-27 13:04:05,27.21,41.86,999.33,4934.52,99.61,99.61,100.0
2023-05-27 13:09:05,26.89,40.96,999.39,4859.07,99.53,99.53,100.0
2023-05-27 13:14:05,26.39,45.29,999.36,4541.59,99.77,99.77,100.0
2023-05-27 13:19:05,26.65,40.37,999.34,4525.53,99.69,99.69,100.0
2023-05-27 13:24:05,26.29,51.8,999.35,3734.9,99.84,99.84,100.0
2023-05-27 13:29:05,26.97,59.38,999.32,3679.06,100.0,100.0,100.0
2023-05-27 13:34:05,27.3,62.06,999.27,3588.91,100.0,100.0,100.0
2023-05-27 13:39:05,27.41,57.46,999.23,3596.84,100.0,100.0,100.0
2023-05-27 13:44:05,27.37,62.62,999.16,3538.03,100.0,100.0,100.0
2023-05-27 13:49:05,27.54,60.39,999.19,3468.89,100.0,100.0,100.0
2023-05-27 13:54:05,27.47,63.07,999.22,3426.96,99.69,99.3,100.0
2023-05-27 13:59:05,27.37,63.28,999.21,3387.29,99.53,97.73,100.0
2023-05-27 14:04:05,27.47,65.43,999.25,3343.16,100.0,97.42,100.0
2023-05-27 14:09:05,27.47,64.84,999.27,3319.38,100.0,96.14,100.0
2023-05-27 14:14:05,27.38,63.81,999.24,3265.35,100.0,95.98,100.0
2023-05-27 14:19:05,27.28,61.58,999.24,3208.57,100.0,95.68,100.0
2023-05-27 14:24:05,27.31,63.7,999.26,3144.22,100.0,94.93,100.0
2023-05-27 14:29:05,27.31,65.63,999.16,3121.89,100.0,94.7,100.0
2023-05-27 14:34:05,27.27,64.22,999.32,3063.5,100.0,94.56,100.0
2023-05-27 14:39:05,27.25,61.73,999.31,2999.99,100.0,94.63,100.0
2023-05-27 14:44:05,27.12,62.96,999.38,2976.72,100.0,94.7,100.0
2023-05-27 14:49:05,27.04,62.48,999.36,2908.74,100.0,94.71,100.0
2023-05-27 14:54:05,26.9,63.06,999.35,2833.52,100.0,94.71,100.0
2023-05-27 14:59:05,26.99,61.79,999.35,3288.21,100.0,94.85,100.0
2023-05-27 15:04:05,27.12,64.36,999.39,3448.55,100.0,95.15,100.0
2023-05-27 15:09:05,27.43,66.46,999.38,3807.64,100.0,95.22,100.0
2023-05-27 15:14:05,27.79,63.4,999.3,4122.87,100.0,95.37,100.0
2023-05-27 15:19:05,28.11,61.69,999.28,4186.89,100.0,95.53,100.0
2023-05-27 15:24:05,28.1,62.17,999.37,3858.32,100.0,95.91,100.0
2023-05-27 15:29:05,27.86,63.43,999.3,3640.36,100.0,96.06,100.0
2023-05-27 15:34:05,28.19,62.6,999.33,3310.02,100.0,96.03,100.0
2023-05-27 15:39:05,27.53,63.94,999.34,2604.18,100.0,96.06,100.0
2023-05-27 15:44:05,26.7,65.7,999.25,2183.36,100.0,95.83,100.0
2023-05-27 15:49:05,26.31,64.59,999.29,2132.33,100.0,96.14,100.0
2023-05-27 15:54:05,26.61,67.18,999.29,2311.08,100.0,96.21,100.0
2023-05-27 15:59:05,26.89,67.42,999.26,2262.43,100.0,97.35,100.0
2023-05-27 16:04:05,26.71,66.51,999.22,2057.21,100.0,97.65,100.0
2023-05-27 16:09:05,26.49,67.14,999.28,1835.55,100.0,97.73,100.0
2023-05-27 16:14:05,26.21,65.29,999.31,1814.71,100.0,97.65,100.0
2023-05-27 16:19:05,26.12,68.18,999.26,1643.72,100.0,98.05,100.0
2023-05-27 16:24:05,25.84,69.96,999.27,1548.3,100.0,97.95,100.0
2023-05-27 16:29:05,25.73,71.17,999.31,1480.17,100.0,97.88,100.0
2023-05-27 16:34:05,25.6,69.29,999.28,1369.48,100.0,97.81,100.0
2023-05-27 16:39:05,25.35,70.54,999.23,1275.72,100.0,98.03,100.0
2023-05-27 16:44:05,25.22,71.63,999.25,1173.27,100.0,97.97,100.0
2023-05-27 16:49:05,24.91,71.76,999.3,1093.59,100.0,97.95,100.0
2023-05-27 16:54:05,24.79,70.34,999.24,1007.83,100.0,98.11,100.0
2023-05-27 16:59:05,24.54,72.2,999.15,890.74,100.0,98.11,100.0
2023-05-27 17:04:05,24.27,73.0,999.0,792.98,100.0,98.48,100.0
2023-05-27 17:09:05,24.16,73.93,998.97,736.25,100.0,98.56,100.0
2023-05-27 17:14:05,24.04,74.66,999.03,644.94,100.0,98.44,100.0
2023-05-27 17:19:05,23.64,76.08,999.02,582.05,100.0,98.52,100.0
2023-05-27 17:24:05,23.31,76.97,999.03,523.18,100.0,98.44,100.0
2023-05-27 17:29:05,23.07,77.75,999.05,447.02,100.0,98.48,100.0
2023-05-27 17:34:05,22.87,77.83,998.98,370.15,100.0,98.48,100.0
2023-05-27 17:39:05,22.65,79.54,998.91,303.79,100.0,98.48,100.0
2023-05-27 17:44:05,22.52,79.63,998.93,251.84,100.0,98.59,100.0
2023-05-27 17:49:05,22.41,79.42,998.96,187.87,100.0,98.64,100.0
2023-05-27 17:54:05,22.22,79.68,998.98,158.2,100.0,98.64,100.0
2023-05-27 17:59:05,22.08,80.63,998.93,111.85,100.0,98.71,100.0
2023-05-27 18:04:05,22.19,72.11,998.83,0.41,0.0,6.32,1.72
2023-05-27 18:09:05,24.06,77.74,998.79,1250.27,89.63,71.81,44.38
2023-05-27 18:14:05,24.95,76.61,998.85,1251.16,88.43,71.12,42.45
2023-05-27 18:19:05,25.4,76.2,998.94,1256.48,87.71,70.43,41.48
2023-05-27 18:24:05,25.71,75.73,999.0,1256.48,87.22,70.19,41.11
2023-05-27 18:29:05,25.89,76.52,999.03,1256.48,86.93,70.06,40.93
2023-05-27 18:34:05,26.03,76.84,999.09,1256.48,86.67,70.06,40.83
2023-05-27 18:39:05,26.15,76.63,999.04,1256.48,86.53,70.06,40.65
2023-05-27 18:44:05,26.27,76.75,999.04,1253.26,86.36,70.67,40.65
2023-05-27 18:49:05,26.35,75.59,998.95,1253.26,86.25,70.44,40.46
2023-05-27 18:54:05,26.42,76.41,999.0,1253.26,86.11,70.61,40.51
2023-05-27 18:59:05,26.47,77.07,999.08,1253.26,85.97,70.67,40.45
2023-05-27 19:04:05,26.52,76.91,999.11,1252.38,85.49,70.25,39.95
2023-05-27 19:09:05,26.55,77.12,999.13,1256.48,85.56,70.0,39.23
2023-05-27 19:14:05,26.59,77.43,999.22,1251.82,85.76,70.06,38.77
2023-05-27 19:19:05,26.61,76.84,999.29,1250.05,85.69,70.12,38.59
2023-05-27 19:24:05,26.64,77.56,999.32,1251.82,85.69,70.12,38.45
2023-05-27 19:29:05,26.66,77.73,999.24,1251.82,85.69,70.18,38.41
2023-05-27 19:34:05,26.69,78.78,999.34,1251.82,85.69,70.12,38.36
2023-05-27 19:39:05,26.69,78.1,999.38,1250.94,85.69,70.12,38.3
2023-05-27 19:44:05,26.74,78.05,999.44,1250.05,85.62,70.06,38.3
2023-05-27 19:49:05,26.75,77.57,999.52,1250.94,85.62,70.06,38.27
2023-05-27 19:54:05,26.76,78.92,999.51,1253.26,85.56,70.12,38.26
2023-05-27 19:59:05,26.77,79.32,999.55,1254.15,85.62,70.12,38.21
2023-05-27 20:04:05,26.75,77.36,999.62,1256.48,85.56,70.06,38.17
2023-05-27 20:09:05,26.76,77.39,999.63,1256.48,85.42,70.06,38.12
2023-05-27 20:14:05,26.79,77.8,999.64,1256.48,85.56,70.12,37.95
2023-05-27 20:19:05,26.79,78.98,999.59,1256.48,85.49,70.12,37.9
2023-05-27 20:24:05,26.82,78.12,999.61,1256.48,85.56,70.06,37.9
2023-05-27 20:29:05,26.82,77.92,999.47,1257.92,85.5,70.06,37.81
2023-05-27 20:34:05,26.82,77.78,999.53,1258.81,85.49,70.06,37.81
2023-05-27 20:39:05,26.98,76.54,999.47,1257.37,85.49,70.06,37.72
2023-05-27 20:44:05,26.89,78.07,999.44,1256.48,85.62,70.06,37.72
2023-05-27 20:49:05,26.85,77.82,999.46,1258.81,85.62,70.06,37.68
2023-05-27 20:54:05,26.84,77.42,999.36,1256.48,85.62,70.12,37.68
2023-05-27 20:59:05,26.82,78.8,999.27,1256.81,85.62,70.06,37.63
2023-05-27 21:04:05,26.82,77.08,999.23,1257.92,85.56,70.12,37.68
2023-05-27 21:09:05,26.81,77.7,999.17,1259.69,85.62,70.12,37.63
2023-05-27 21:14:05,26.81,79.06,999.14,1256.81,85.62,70.12,37.63
2023-05-27 21:19:05,26.81,78.03,999.16,1257.92,85.83,70.12,37.81
2023-05-27 21:24:05,26.82,79.0,999.11,1256.81,85.83,70.12,37.77
2023-05-27 21:29:05,26.79,78.6,999.1,1257.37,85.83,70.18,37.77
2023-05-27 21:34:05,26.79,78.17,999.06,1256.48,85.9,70.18,37.77
2023-05-27 21:39:05,26.78,78.52,999.04,1256.48,85.83,70.24,37.77
2023-05-27 21:44:05,26.79,77.7,999.07,1256.48,85.93,70.3,37.72
2023-05-27 21:49:05,26.78,78.13,999.03,1256.81,85.9,70.25,37.72
2023-05-27 21:54:05,26.79,77.92,998.97,1256.48,85.97,70.25,37.72
2023-05-27 21:59:05,26.78,77.56,998.88,1259.69,87.07,70.12,37.54
2023-05-27 22:04:05,26.78,78.96,998.9,1256.48,87.14,70.19,37.68
2023-05-27 22:09:05,26.76,78.89,998.8,1256.48,87.14,70.19,37.68
2023-05-27 22:14:05,26.77,78.12,998.75,1256.81,87.08,70.24,37.86
2023-05-27 22:19:05,26.77,79.54,998.76,1256.48,87.14,70.24,37.86
2023-05-27 22:24:05,26.76,78.86,998.65,1256.48,87.07,70.18,37.9
2023-05-27 22:29:05,26.77,79.99,998.59,1257.37,87.15,70.24,37.86
2023-05-27 22:34:05,26.76,80.08,998.55,1256.48,87.22,70.31,37.9
2023-05-27 22:39:05,26.78,79.77,998.59,1256.48,87.14,70.25,37.95
2023-05-27 22:44:05,26.76,79.93,998.57,1257.37,87.22,70.31,37.9
2023-05-27 22:49:05,26.77,79.12,998.47,1253.26,86.32,70.37,37.9
2023-05-27 22:54:05,26.79,79.66,998.42,1256.48,86.36,70.31,37.81
2023-05-27 22:59:05,26.77,79.65,998.43,1256.48,86.46,70.31,37.81
2023-05-27 23:04:05,26.78,78.55,998.43,1254.15,86.46,70.31,37.86
2023-05-27 23:09:05,26.79,80.34,998.38,1256.81,86.07,70.38,37.95
2023-05-27 23:14:05,26.81,80.0,998.28,1255.93,86.11,70.37,37.86
2023-05-27 23:19:05,26.79,78.68,998.34,1256.48,86.14,70.37,37.9
2023-05-27 23:24:05,26.8,79.23,998.23,1256.48,86.18,70.38,37.9
2023-05-27 23:29:05,26.8,79.53,998.22,1253.26,86.46,70.31,37.81
2023-05-27 23:34:05,26.79,78.58,998.14,1256.48,86.6,70.38,37.81
2023-05-27 23:39:05,26.8,79.76,998.12,1253.26,86.53,70.44,37.81
2023-05-27 23:44:05,26.8,79.66,998.08,1254.15,86.74,70.49,37.86
2023-05-27 23:49:05,26.78,80.15,998.03,1249.5,86.81,70.37,37.72
2023-05-27 23:54:05,26.81,79.56,997.96,1186.76,86.88,70.43,37.77
2023-05-27 23:59:05,26.79,79.31,997.98,1161.72,86.88,70.55,37.81
