time,temperature,humidity,pressure,light,moisture_1,moisture_2,moisture_3
2023-06-06 00:02:05,28.02,74.56,999.89,786.99,99.3,0,0
2023-06-06 00:07:05,28.02,74.62,1000.06,779.12,99.24,0,0
2023-06-06 00:12:05,28.03,74.18,1000.11,779.12,100.0,0,0
2023-06-06 00:17:05,28.03,74.06,999.98,776.46,99.38,0,0
2023-06-06 00:22:05,28.04,74.25,1000.02,777.35,100.0,0,0
2023-06-06 00:27:05,28.02,74.42,999.97,777.35,99.3,0,0
2023-06-06 00:32:05,28.04,74.49,999.85,776.8,99.61,0,0
2023-06-06 00:37:05,28.02,74.39,999.59,776.8,99.24,0,0
2023-06-06 00:42:05,28.02,74.59,999.46,776.8,99.69,0,0
2023-06-06 00:47:05,28.02,74.26,999.44,778.24,100.0,0,0
2023-06-06 00:52:05,28.01,74.55,999.52,776.46,99.84,0,0
2023-06-06 00:57:05,28.01,74.56,999.41,778.24,99.85,0,0
2023-06-06 01:02:05,28.02,74.63,999.48,782.34,99.77,0,0
2023-06-06 01:07:05,28.01,74.47,999.4,783.78,99.53,0,0
2023-06-06 01:12:05,28.01,74.26,999.41,787.55,99.77,0,0
2023-06-06 01:17:05,28.01,74.56,999.3,793.09,99.38,0,0
2023-06-06 01:22:05,27.96,73.53,999.21,797.19,99.39,0,0
2023-06-06 01:27:05,27.93,73.81,999.21,805.06,99.17,0,0
2023-06-06 01:32:05,27.93,73.97,999.15,805.06,99.45,0,0
2023-06-06 01:37:05,27.9,73.74,999.19,808.27,98.79,0,0
2023-06-06 01:42:05,27.88,73.36,999.08,809.16,99.02,0,0
2023-06-06 01:47:05,27.86,73.5,998.99,810.6,99.7,0,0
2023-06-06 01:52:05,27.85,73.65,998.97,812.04,99.62,0,0
2023-06-06 01:57:05,27.83,73.56,999.11,812.37,99.17,0,0
2023-06-06 02:02:05,27.83,73.48,999.16,812.93,99.61,0,0
2023-06-06 02:07:05,27.81,73.65,999.23,812.93,99.7,0,0
2023-06-06 02:12:05,27.8,73.04,999.41,812.93,99.69,0,0
2023-06-06 02:17:05,27.78,72.91,999.43,812.93,99.45,0,0
2023-06-06 02:22:05,27.76,73.06,999.55,812.93,99.62,0,0
2023-06-06 02:27:05,27.76,72.75,999.57,814.7,100.0,0,0
2023-06-06 02:32:05,27.74,73.0,999.48,812.93,100.0,0,0
2023-06-06 02:37:05,27.74,72.74,999.22,813.81,100.0,0,0
2023-06-06 02:42:05,27.72,72.48,999.02,814.7,100.0,0,0
2023-06-06 02:47:05,27.69,72.77,999.05,814.37,100.0,0,0
2023-06-06 02:52:05,27.71,72.44,999.07,812.93,100.0,0,0
2023-06-06 02:57:05,27.71,73.05,998.96,814.7,100.0,0,0
2023-06-06 03:02:05,27.72,72.68,998.89,813.81,100.0,0,0
2023-06-06 03:07:05,27.73,73.12,998.8,814.7,100.0,0,0
2023-06-06 03:12:05,27.73,72.32,998.77,813.81,100.0,0,0
2023-06-06 03:17:05,27.74,72.82,998.81,815.25,100.0,0,0
2023-06-06 03:22:05,27.73,73.01,998.66,813.81,100.0,0,0
2023-06-06 03:27:05,27.73,72.29,998.66,814.37,100.0,0,0
2023-06-06 03:32:05,27.7,72.15,998.7,815.25,100.0,0,0
2023-06-06 03:37:05,27.69,72.47,998.67,814.7,100.0,0,0
2023-06-06 03:42:05,27.68,71.93,998.48,815.25,100.0,0,0
2023-06-06 03:47:05,27.64,71.42,998.47,814.37,100.0,0,0
2023-06-06 03:52:05,27.62,71.35,998.42,816.14,100.0,0,0
2023-06-06 03:57:05,27.61,71.34,998.41,815.25,100.0,0,0
2023-06-06 04:02:05,27.61,71.23,998.27,816.14,100.0,0,0
2023-06-06 04:07:05,27.59,71.74,998.1,814.37,100.0,0,0
2023-06-06 04:12:05,27.6,71.25,998.07,816.14,100.0,0,0
2023-06-06 04:17:05,27.6,71.38,998.15,816.69,100.0,0,0
2023-06-06 04:22:05,27.6,71.43,998.26,817.58,100.0,0,0
2023-06-06 04:27:05,27.6,71.75,998.3,814.37,100.0,0,0
2023-06-06 04:32:05,27.6,71.15,998.28,815.25,100.0,0,0
2023-06-06 04:37:05,27.6,71.56,998.31,816.14,100.0,0,0
2023-06-06 04:42:05,27.56,71.86,998.36,816.14,100.0,0,0
2023-06-06 04:47:05,27.6,71.79,998.36,815.25,100.0,0,0
2023-06-06 04:52:05,27.58,71.54,998.32,817.03,100.0,0,0
2023-06-06 04:57:05,27.58,70.83,998.27,816.14,100.0,0,0
2023-06-06 05:02:05,27.56,71.56,998.37,816.14,100.0,0,0
2023-06-06 05:07:05,27.56,71.67,998.22,816.69,100.0,0,0
2023-06-06 05:12:05,27.54,70.97,998.37,816.69,100.0,0,0
2023-06-06 05:17:05,27.29,60.45,998.34,786.11,100.0,0,0
2023-06-06 05:22:05,25.21,56.73,998.36,8.5,0.28,0,0
2023-06-06 05:27:05,24.66,60.28,998.49,15.1,0.0,0,0
2023-06-06 05:32:05,24.46,61.89,998.69,11.8,0.0,0,0
2023-06-06 05:37:05,24.12,62.43,998.68,13.15,0.0,0,0
2023-06-06 07:56:35,24.31,73.2,1001.36,38.71,65.12,0.0,0.0
2023-06-06 08:01:05,23.96,70.15,1001.27,37.36,65.77,0.0,0.0
2023-06-06 08:06:05,23.8,70.47,1001.17,27.64,63.87,0.0,0.0
2023-06-06 08:11:05,23.75,70.82,1001.2,31.74,63.43,0.0,0.0
2023-06-06 08:16:05,23.7,70.77,1001.1,40.85,63.02,0.0,0.0
2023-06-06 08:21:05,23.7,71.0,1001.12,49.54,61.19,0.0,0.0
2023-06-06 08:26:05,23.67,71.64,1001.2,59.2,61.42,0.0,0.0
2023-06-06 08:31:05,23.7,71.85,1001.22,63.85,60.97,0.0,0.0
2023-06-06 08:36:05,23.72,71.37,1001.24,70.63,60.45,0.0,0.0
2023-06-06 08:41:05,23.71,71.62,1001.27,74.12,61.36,0.0,0.0
2023-06-06 08:46:05,23.69,71.66,1001.23,74.12,60.97,0.0,0.0
2023-06-06 08:51:05,23.71,71.58,1001.21,72.16,60.68,0.0,0.0
2023-06-06 08:56:05,23.73,71.65,1001.21,75.28,60.68,0.0,0.0
2023-06-06 09:01:05,23.72,71.41,1001.14,74.12,61.14,0.0,0.0
2023-06-06 09:06:05,23.74,71.17,1001.22,70.63,61.08,0.0,0.0
2023-06-06 09:13:18,25.01,66.18,1001.2,68.86,0,0.0,0.0
2023-06-06 09:15:15,26.62,60.72,1001.17,62.87,0,0.0,0.0
